Date,Country/Region,Confirmed,Deaths,Recovered,Active,New_cases,New_deaths,New_recovered,WHO Region
2020-01-22,Madagascar,0,0,0,0,0,0,0,Africa
2020-01-23,Madagascar,0,0,0,0,0,0,0,Africa
2020-01-24,Madagascar,0,0,0,0,0,0,0,Africa
2020-01-25,Madagascar,0,0,0,0,0,0,0,Africa
2020-01-26,Madagascar,0,0,0,0,0,0,0,Africa
2020-01-27,Madagascar,0,0,0,0,0,0,0,Africa
2020-01-28,Madagascar,0,0,0,0,0,0,0,Africa
2020-01-29,Madagascar,0,0,0,0,0,0,0,Africa
2020-01-30,Madagascar,0,0,0,0,0,0,0,Africa
2020-01-31,Madagascar,0,0,0,0,0,0,0,Africa
2020-02-01,Madagascar,0,0,0,0,0,0,0,Africa
2020-02-02,Madagascar,0,0,0,0,0,0,0,Africa
2020-02-03,Madagascar,0,0,0,0,0,0,0,Africa
2020-02-04,Madagascar,0,0,0,0,0,0,0,Africa
2020-02-05,Madagascar,0,0,0,0,0,0,0,Africa
2020-02-06,Madagascar,0,0,0,0,0,0,0,Africa
2020-02-07,Madagascar,0,0,0,0,0,0,0,Africa
2020-02-08,Madagascar,0,0,0,0,0,0,0,Africa
2020-02-09,Madagascar,0,0,0,0,0,0,0,Africa
2020-02-10,Madagascar,0,0,0,0,0,0,0,Africa
2020-02-11,Madagascar,0,0,0,0,0,0,0,Africa
2020-02-12,Madagascar,0,0,0,0,0,0,0,Africa
2020-02-13,Madagascar,0,0,0,0,0,0,0,Africa
2020-02-14,Madagascar,0,0,0,0,0,0,0,Africa
2020-02-15,Madagascar,0,0,0,0,0,0,0,Africa
2020-02-16,Madagascar,0,0,0,0,0,0,0,Africa
2020-02-17,Madagascar,0,0,0,0,0,0,0,Africa
2020-02-18,Madagascar,0,0,0,0,0,0,0,Africa
2020-02-19,Madagascar,0,0,0,0,0,0,0,Africa
2020-02-20,Madagascar,0,0,0,0,0,0,0,Africa
2020-02-21,Madagascar,0,0,0,0,0,0,0,Africa
2020-02-22,Madagascar,0,0,0,0,0,0,0,Africa
2020-02-23,Madagascar,0,0,0,0,0,0,0,Africa
2020-02-24,Madagascar,0,0,0,0,0,0,0,Africa
2020-02-25,Madagascar,0,0,0,0,0,0,0,Africa
2020-02-26,Madagascar,0,0,0,0,0,0,0,Africa
2020-02-27,Madagascar,0,0,0,0,0,0,0,Africa
2020-02-28,Madagascar,0,0,0,0,0,0,0,Africa
2020-02-29,Madagascar,0,0,0,0,0,0,0,Africa
2020-03-01,Madagascar,0,0,0,0,0,0,0,Africa
2020-03-02,Madagascar,0,0,0,0,0,0,0,Africa
2020-03-03,Madagascar,0,0,0,0,0,0,0,Africa
2020-03-04,Madagascar,0,0,0,0,0,0,0,Africa
2020-03-05,Madagascar,0,0,0,0,0,0,0,Africa
2020-03-06,Madagascar,0,0,0,0,0,0,0,Africa
2020-03-07,Madagascar,0,0,0,0,0,0,0,Africa
2020-03-08,Madagascar,0,0,0,0,0,0,0,Africa
2020-03-09,Madagascar,0,0,0,0,0,0,0,Africa
2020-03-10,Madagascar,0,0,0,0,0,0,0,Africa
2020-03-11,Madagascar,0,0,0,0,0,0,0,Africa
2020-03-12,Madagascar,0,0,0,0,0,0,0,Africa
2020-03-13,Madagascar,0,0,0,0,0,0,0,Africa
2020-03-14,Madagascar,0,0,0,0,0,0,0,Africa
2020-03-15,Madagascar,0,0,0,0,0,0,0,Africa
2020-03-16,Madagascar,0,0,0,0,0,0,0,Africa
2020-03-17,Madagascar,0,0,0,0,0,0,0,Africa
2020-03-18,Madagascar,0,0,0,0,0,0,0,Africa
2020-03-19,Madagascar,0,0,0,0,0,0,0,Africa
2020-03-20,Madagascar,3,0,0,3,3,0,0,Africa
2020-03-21,Madagascar,3,0,0,3,0,0,0,Africa
2020-03-22,Madagascar,3,0,0,3,0,0,0,Africa
2020-03-23,Madagascar,12,0,0,12,9,0,0,Africa
2020-03-24,Madagascar,17,0,0,17,5,0,0,Africa
2020-03-25,Madagascar,19,0,0,19,2,0,0,Africa
2020-03-26,Madagascar,23,0,0,23,4,0,0,Africa
2020-03-27,Madagascar,26,0,0,26,3,0,0,Africa
2020-03-28,Madagascar,26,0,0,26,0,0,0,Africa
2020-03-29,Madagascar,39,0,0,39,13,0,0,Africa
2020-03-30,Madagascar,43,0,0,43,4,0,0,Africa
2020-03-31,Madagascar,57,0,0,57,14,0,0,Africa
2020-04-01,Madagascar,57,0,0,57,0,0,0,Africa
2020-04-02,Madagascar,59,0,0,59,2,0,0,Africa
2020-04-03,Madagascar,70,0,0,70,11,0,0,Africa
2020-04-04,Madagascar,70,0,0,70,0,0,0,Africa
2020-04-05,Madagascar,72,0,2,70,2,0,2,Africa
2020-04-06,Madagascar,82,0,2,80,10,0,0,Africa
2020-04-07,Madagascar,88,0,7,81,6,0,5,Africa
2020-04-08,Madagascar,93,0,11,82,5,0,4,Africa
2020-04-09,Madagascar,93,0,11,82,0,0,0,Africa
2020-04-10,Madagascar,93,0,11,82,0,0,0,Africa
2020-04-11,Madagascar,102,0,11,91,9,0,0,Africa
2020-04-12,Madagascar,106,0,20,86,4,0,9,Africa
2020-04-13,Madagascar,106,0,21,85,0,0,1,Africa
2020-04-14,Madagascar,108,0,23,85,2,0,2,Africa
2020-04-15,Madagascar,110,0,29,81,2,0,6,Africa
2020-04-16,Madagascar,111,0,33,78,1,0,4,Africa
2020-04-17,Madagascar,117,0,33,84,6,0,0,Africa
2020-04-18,Madagascar,120,0,35,85,3,0,2,Africa
2020-04-19,Madagascar,121,0,39,82,1,0,4,Africa
2020-04-20,Madagascar,121,0,41,80,0,0,2,Africa
2020-04-21,Madagascar,121,0,44,77,0,0,3,Africa
2020-04-22,Madagascar,121,0,52,69,0,0,8,Africa
2020-04-23,Madagascar,121,0,58,63,0,0,6,Africa
2020-04-24,Madagascar,122,0,61,61,1,0,3,Africa
2020-04-25,Madagascar,123,0,62,61,1,0,1,Africa
2020-04-26,Madagascar,124,0,71,53,1,0,9,Africa
2020-04-27,Madagascar,128,0,75,53,4,0,4,Africa
2020-04-28,Madagascar,128,0,82,46,0,0,7,Africa
2020-04-29,Madagascar,128,0,90,38,0,0,8,Africa
2020-04-30,Madagascar,128,0,92,36,0,0,2,Africa
2020-05-01,Madagascar,132,0,94,38,4,0,2,Africa
2020-05-02,Madagascar,135,0,97,38,3,0,3,Africa
2020-05-03,Madagascar,149,0,98,51,14,0,1,Africa
2020-05-04,Madagascar,149,0,99,50,0,0,1,Africa
2020-05-05,Madagascar,151,0,101,50,2,0,2,Africa
2020-05-06,Madagascar,158,0,101,57,7,0,0,Africa
2020-05-07,Madagascar,193,0,101,92,35,0,0,Africa
2020-05-08,Madagascar,193,0,101,92,0,0,0,Africa
2020-05-09,Madagascar,193,0,101,92,0,0,0,Africa
2020-05-10,Madagascar,193,0,101,92,0,0,0,Africa
2020-05-11,Madagascar,186,0,101,85,0,0,0,Africa
2020-05-12,Madagascar,186,0,101,85,0,0,0,Africa
2020-05-13,Madagascar,212,0,107,105,26,0,6,Africa
2020-05-14,Madagascar,230,0,108,122,18,0,1,Africa
2020-05-15,Madagascar,238,0,112,126,8,0,4,Africa
2020-05-16,Madagascar,283,0,114,169,45,0,2,Africa
2020-05-17,Madagascar,304,1,114,189,21,1,0,Africa
2020-05-18,Madagascar,322,1,119,202,18,0,5,Africa
2020-05-19,Madagascar,326,2,119,205,4,1,0,Africa
2020-05-20,Madagascar,371,2,131,238,45,0,12,Africa
2020-05-21,Madagascar,405,2,131,272,34,0,0,Africa
2020-05-22,Madagascar,448,2,135,311,43,0,4,Africa
2020-05-23,Madagascar,488,2,138,348,40,0,3,Africa
2020-05-24,Madagascar,527,2,142,383,39,0,4,Africa
2020-05-25,Madagascar,542,2,147,393,15,0,5,Africa
2020-05-26,Madagascar,586,2,147,437,44,0,0,Africa
2020-05-27,Madagascar,612,2,151,459,26,0,4,Africa
2020-05-28,Madagascar,656,2,154,500,44,0,3,Africa
2020-05-29,Madagascar,698,5,164,529,42,3,10,Africa
2020-05-30,Madagascar,758,6,165,587,60,1,1,Africa
2020-05-31,Madagascar,771,6,168,597,13,0,3,Africa
2020-06-01,Madagascar,826,6,174,646,55,0,6,Africa
2020-06-02,Madagascar,845,6,185,654,19,0,11,Africa
2020-06-03,Madagascar,908,6,195,707,63,0,10,Africa
2020-06-04,Madagascar,957,7,200,750,49,1,5,Africa
2020-06-05,Madagascar,975,7,201,767,18,0,1,Africa
2020-06-06,Madagascar,1026,8,212,806,51,1,11,Africa
2020-06-07,Madagascar,1052,9,233,810,26,1,21,Africa
2020-06-08,Madagascar,1094,9,254,831,42,0,21,Africa
2020-06-09,Madagascar,1138,9,274,855,44,0,20,Africa
2020-06-10,Madagascar,1162,10,296,856,24,1,22,Africa
2020-06-11,Madagascar,1203,10,312,881,41,0,16,Africa
2020-06-12,Madagascar,1240,10,344,886,37,0,32,Africa
2020-06-13,Madagascar,1252,10,362,880,12,0,18,Africa
2020-06-14,Madagascar,1272,10,367,895,20,0,5,Africa
2020-06-15,Madagascar,1290,10,384,896,18,0,17,Africa
2020-06-16,Madagascar,1317,12,417,888,27,2,33,Africa
2020-06-17,Madagascar,1378,12,450,916,61,0,33,Africa
2020-06-18,Madagascar,1403,13,463,927,25,1,13,Africa
2020-06-19,Madagascar,1443,13,498,932,40,0,35,Africa
2020-06-20,Madagascar,1503,13,618,872,60,0,120,Africa
2020-06-21,Madagascar,1596,14,655,927,93,1,37,Africa
2020-06-22,Madagascar,1640,15,692,933,44,1,37,Africa
2020-06-23,Madagascar,1724,15,732,977,84,0,40,Africa
2020-06-24,Madagascar,1787,16,779,992,63,1,47,Africa
2020-06-25,Madagascar,1829,16,823,990,42,0,44,Africa
2020-06-26,Madagascar,1922,16,862,1044,93,0,39,Africa
2020-06-27,Madagascar,2005,16,907,1082,83,0,45,Africa
2020-06-28,Madagascar,2078,18,944,1116,73,2,37,Africa
2020-06-29,Madagascar,2138,20,966,1152,60,2,22,Africa
2020-06-30,Madagascar,2214,20,994,1200,76,0,28,Africa
2020-07-01,Madagascar,2303,22,1006,1275,89,2,12,Africa
2020-07-02,Madagascar,2403,24,1040,1339,100,2,34,Africa
2020-07-03,Madagascar,2512,26,1057,1429,109,2,17,Africa
2020-07-04,Madagascar,2728,29,1078,1621,216,3,21,Africa
